[gd_scene load_steps=8 format=3 uid="uid://bhnqi4fnso1hh"]

[ext_resource type="PackedScene" uid="uid://bvjwwhblk8d0x" path="res://level/pillar.glb" id="1_5gx2l"]
[ext_resource type="PackedScene" uid="uid://d3n5atdpaga74" path="res://level/wall.glb" id="1_44x8d"]
[ext_resource type="PackedScene" uid="uid://dm3t5pdwxroa7" path="res://level/floor.glb" id="2_qohg2"]
[ext_resource type="PackedScene" uid="uid://dxqe8ptih6fxs" path="res://entities/chicken_player/chicken_player.tscn" id="3_ktfr2"]
[ext_resource type="PackedScene" uid="uid://c28ev5h14ds8v" path="res://utilities/camera/follow_camera/follow_camera.tscn" id="4_44x8d"]
[ext_resource type="PackedScene" uid="uid://ccns8he8y64n3" path="res://entities/temp_enemy/temp_enemy.tscn" id="5_ivpvi"]

[sub_resource type="CylinderShape3D" id="CylinderShape3D_ktfr2"]
height = 0.5
radius = 15.0

[node name="Level" type="Node3D"]

[node name="wall" parent="." instance=ExtResource("1_44x8d")]
transform = Transform3D(-2.5, 0, -3.77489e-07, 0, 2.5, 0, 3.77489e-07, 0, -2.5, 9.32215, 1.30636, 43.0087)

[node name="Area" type="StaticBody3D" parent="."]

[node name="CollisionShape3D" type="CollisionShape3D" parent="Area"]
transform = Transform3D(3, 0, 0, 0, 3, 0, 0, 0, 3, 0, 0, 0)
shape = SubResource("CylinderShape3D_ktfr2")

[node name="floor" parent="Area" instance=ExtResource("2_qohg2")]
transform = Transform3D(3, 0, 0, 0, 1, 0, 0, 0, 3, 0, 0, 0)

[node name="pillar" parent="Area" instance=ExtResource("1_5gx2l")]
transform = Transform3D(2, 0, 0, 0, 2, 0, 0, 0, 2, 0, 0, 42.6987)

[node name="PlayerCamera" type="Camera3D" parent="."]
transform = Transform3D(0.995509, -0.00619845, 0.0944599, 0.00475659, 0.999869, 0.0154817, -0.0945434, -0.0149629, 0.995408, 0, 3.84457, 8.32513)

[node name="Player" parent="." instance=ExtResource("3_ktfr2")]
transform = Transform3D(1, 0, 0, 0, 1, 0, 0, 0, 1, 0, 2.50721, 0)

[node name="DirectionalLight3D" type="DirectionalLight3D" parent="."]
transform = Transform3D(0.953533, -0.243062, 0.178032, 0, 0.590901, 0.806744, -0.301288, -0.769257, 0.563444, 0, 18.5033, 24.5322)

[node name="FollowCamera" parent="." node_paths=PackedStringArray("camera_reference", "entity_to_follow") instance=ExtResource("4_44x8d")]
transform = Transform3D(1, 0, 0, 0, 0.995861, -0.0908933, 0, 0.0908933, 0.995861, 7.08687, 3.80724, 4.36455)
camera_reference = NodePath("../PlayerCamera")
entity_to_follow = NodePath("../Player")

[node name="TempEnemy" parent="." instance=ExtResource("5_ivpvi")]
transform = Transform3D(1, 0, 0, 0, 1, 0, 0, 0, 1, 7.9246, 2.11625, -1.30728)
