[gd_scene load_steps=13 format=3 uid="uid://bhnqi4fnso1hh"]

[ext_resource type="PackedScene" uid="uid://dn4y6rw2w6ydt" path="res://level/arena/arena.tscn" id="1_44x8d"]
[ext_resource type="PackedScene" uid="uid://b37klg6och4oh" path="res://level/arena/intermission_area.tscn" id="2_6gtgk"]
[ext_resource type="PackedScene" uid="uid://dxqe8ptih6fxs" path="res://entities/chicken_player/chicken_player.tscn" id="2_ivpvi"]
[ext_resource type="Script" uid="uid://bbn0nu0mrkdtr" path="res://utilities/level/path_follow_3d_movement.gd" id="2_xii2b"]
[ext_resource type="PackedScene" uid="uid://c28ev5h14ds8v" path="res://utilities/camera/follow_camera/follow_camera.tscn" id="3_0v1st"]
[ext_resource type="PackedScene" uid="uid://bdiosrwi6l87h" path="res://level/arena/props/hazards/saws/ground_saw.tscn" id="3_rhqlf"]
[ext_resource type="PackedScene" uid="uid://5dsmkedrprey" path="res://entities/enemies/ice_fox/ice_fox.tscn" id="4_0v1st"]
[ext_resource type="PackedScene" uid="uid://bw4u5qtf6bv0m" path="res://entities/enemies/ball_chicken/ball_chicken.tscn" id="5_6gtgk"]
[ext_resource type="PackedScene" uid="uid://bow5xxyn5tu4o" path="res://level/arena/props/hazards/spikes/regular_spike.tscn" id="5_l5lfc"]
[ext_resource type="PackedScene" uid="uid://cu6c16s8oochp" path="res://level/arena/props/hazards/balls/spike_ball.tscn" id="5_m3nah"]
[ext_resource type="Script" uid="uid://rfkmyg6k21l6" path="res://level/round/round_handler.gd" id="9_cw150"]

[sub_resource type="Curve3D" id="Curve3D_l5lfc"]
_data = {
"points": PackedVector3Array(0, 0, 0, 0, 0, 0, -1.87716, -0.18117, -7.90227, 0, 0, 0, 0, 0, 0, 8.32189, -0.147777, -7.39713),
"tilts": PackedFloat32Array(0, 0)
}
point_count = 2

[node name="Level" type="Node3D"]

[node name="Arena" parent="." instance=ExtResource("1_44x8d")]
transform = Transform3D(1, 0, 0, 0, 1, 0, 0, 0, 1, 23.75, -1, 0.9)

[node name="Path3D" type="Path3D" parent="Arena"]
transform = Transform3D(-4.37114e-08, 0, 1, 0, 1, 0, -1, 0, -4.37114e-08, -2, 2, 0)
curve = SubResource("Curve3D_l5lfc")

[node name="PathFollow3D" type="PathFollow3D" parent="Arena/Path3D"]
transform = Transform3D(-0.0494668, -0.0032661, -0.998766, 0, 0.99999, -0.00327011, 0.998769, -0.000161763, -0.0494667, -1.87716, -0.18117, -7.90227)
script = ExtResource("2_xii2b")
movement_mode = 2

[node name="GroundSaw" parent="Arena/Path3D/PathFollow3D" instance=ExtResource("3_rhqlf")]

[node name="SpikeBall" parent="Arena" instance=ExtResource("5_m3nah")]
transform = Transform3D(1, 0, 0, 0, 1, 0, 0, 0, 1, -25, 5, -5)

[node name="RegularSpike" parent="Arena" instance=ExtResource("5_l5lfc")]
transform = Transform3D(1, 0, 0, 0, 1, 0, 0, 0, 1, -13.194, 2.5, 5)

[node name="IntermissionArea" parent="." node_paths=PackedStringArray("round_handler") instance=ExtResource("2_6gtgk")]
transform = Transform3D(1, 0, 0, 0, 1, 0, 0, 0, 1, -400, 0, 0)
round_handler = NodePath("../RoundHandler")

[node name="PlayerCamera" type="Camera3D" parent="."]
transform = Transform3D(0.996195, -0.000152115, 0.0871556, 0, 0.999999, 0.00174533, -0.0871557, -0.00173869, 0.996193, 0, 4, 4)

[node name="FollowCamera" parent="." node_paths=PackedStringArray("camera_reference", "entity_to_follow") instance=ExtResource("3_0v1st")]
transform = Transform3D(1, 0, 0, 0, 0.995861, -0.0908933, 0, 0.0908933, 0.995861, 0, 0, 0)
camera_reference = NodePath("../PlayerCamera")
camera_spring_length = 3.8
entity_to_follow = NodePath("../Player")
entity_follow_height = 1.8
entity_follow_distance = 20.0

[node name="Player" parent="." instance=ExtResource("2_ivpvi")]
transform = Transform3D(1, 0, 0, 0, 1, 0, 0, 0, 1, 0, 2.5, 0)

[node name="EnemyPosition" type="Marker3D" parent="."]
unique_name_in_owner = true
transform = Transform3D(1, 0, 0, 0, 1, 0, 0, 0, 1, 0, 0, -20)

[node name="PlayerPosition" type="Marker3D" parent="."]
unique_name_in_owner = true
transform = Transform3D(1, 0, 0, 0, 1, 0, 0, 0, 1, 0, 0, 20)

[node name="RoundHandler" type="Node" parent="."]
script = ExtResource("9_cw150")
enemy_scenes = Array[PackedScene]([ExtResource("4_0v1st"), ExtResource("5_6gtgk")])
waiting_time = 1.5
